2208
888
1067
251
2863
1419
1239
2558
2006
61
830
1770
614
2649
2648
366
1299
2756
2320
536
1616
1008
911
2057
2379
337
2485
1849
1123
479
1719
2288
2866
500
1881
2187
102
505
969
1935
2699
1199
1739
335
2879
77
2805
978
1070
1274
1959
1828
20
1594
2864
2090
905
2036
1312
1329
2434
2486
1022
1698
2186
43
733
2079
282
217
1283
2674
2154
2030
1158
416
1799
1690
1278
1923
2303
540
2392
1066
369
2682
2907
1122
74
2950
2056
2664
121
1294
1550
2472
2043
2644
216
2806
2313
772
2410
1412
2307
2951
518
1126
815
628
1942
2265
916
1808
1100
2831
839
2117
1943
2422
2066
2162
882
2845
1203
547
1812
70
813
2704
2842
360
1153
2994
2082
1375
2917
2145
1340
695
1781
2554
483
948
2287
1386
897
1216
1249
2262
2309
2890
2237
271
2263
79
896
1284
2424
995
1336
2561
2069
1482
1002
410
274
1390
2614
204
665
2210
1211
923
187
158
944
1277
2134
584
2367
2312
2101
1147
400
2640
1764
1400
1820
265
8
2851
2631
901
2438
2418
316
2400
1156
1562
1892
2281
1162
287
92
2002
2544
1108
891
864
478
1031
591
943
2913
824
2046
2246
2206
120
2770
52
1348
1014
2077
2113
104
939
213
2723
920
1671
1572
506
842
1286
1140
659
283
732
2615
409
956
129
363
2009
627
521
177
567
2161
2509
1532
796
176
1033
1762
2087
2882
396
1912
2048
1504
575
264
2462
1314
1685
2928
1883
850
958
1007
1127
548
763
132
2959
823
1848
1519
2484
1146
371
1020
688
1361
532
2521
2501
2520
2396
563
619
658
2993
2140
2949
229
1824
1856
2481
1664
1102
2137
2440
2257
1652
2637
2183
13
1094
1235
2235
1135
664
2321
382
1774
2568
1885
1224
2783
1326
1116
722
863
1679
827
447
103
2413
2630
2550
3000
21
2948
1999
706
404
1802
1253
111
302
1676
183
464
2820
124
886
2947
1777
367
1044
919
583
2650
466
495
188
1468
820
2701
2333
2715
383
2548
1392
2585
1541
2643
2812
2570
966
2944
1163
950
140
270
1160
1409
2044
2144
2898
2172
2878
1463
2787
690
1927
1575
339
1453
346
2054
2857
2153
2412
178
2583
1863
699
737
2530
2984
2931
191
1328
1271
2075
30
2707
887
2357
1024
1695
2708
855
1829
769
212
2556
2979
1446
2593
621
556
1701
579
538
2202
2720
1405
445
1362
1776
430
254
1743
2327
2732
1023
2825
998
391
421
2492
29
2597
2786
1786
1677
1553
2865
914
930
2220
1063
1042
1151
33
2382
2609
2016
2074
2473
2001
1280
611
667
323
2813
2399
1831
1998
519
87
1827
1759
963
448
1228
2529
2147
64
194
2738
879
904
1233
1543
1932
403
477
1152
215
844
2966
1000
2977
1675
2216
2722
497
876
2360
1809
828
2988
2810
1775
2419
1542
1826
1252
25
1054
1858
2278
1175
1300
2018
1752
650
2571
27
1647
1730
1217
731
670
1478
2700
514
2976
1011
2811
1337
2973
2084
1640
137
513
2656
814
1929
387
109
1354
1688
1994
3
1488
2525
1275
2364
1822
535
1499
2646
1191
1637
2662
2500
2819
2387
1800
2335
504
2100
2345
1749
2107
443
1734
1738
1627
2242
1041
1292
526
95
272
2764
2506
1587
186
2180
1470
2124
683
1226
308
385
2839
1413
947
968
2963
2311
962
2847
206
1531
1357
214
1381
637
123
2198
1196
1385
2139
1401
425
593
817
2510
2272
198
926
2142
2954
980
838
858
1139
480
247
1922
2821
2255
1268
2505
2212
607
1760
2894
941
2297
684
1169
1332
1428
1432
1347
5
976
1984
276
1993
2522
922
578
63
164
384
2218
2734
819
1563
2777
280
1213
2941
2757
551
1792
2433
2706
781
564
2945
2924
392
2498
1894
1728
720
1076
2978
1091
2718
2339
1071
2833
1309
311
2071
2803
1626
710
307
434
1649
180
440
2316
2322
1844
2138
1352
1911
2776
1866
2772
2877
2730
663
2645
2189
172
2369
1435
2350
2670
2914
413
2828
935
1538
1248
539
1602
2040
1876
1925
509
1310
2452
2651
2991
541
2004
225
255
2306
1791
605
1015
2696
1825
1461
2605
2896
671
951
1903
2402
940
462
634
1535
829
1995
1246
1855
1209
993
2159
2748
981
1298
133
240
226
2545
1118
1318
890
1270
565
2733
2304
2711
493
9
719
2693
661
2348
1206
1320
2092
179
99
2106
1287
2253
1811
2532
1465
1350
1735
1545
1840
1567
1197
1661
2680
2146
652
2626
1055
894
2260
76
740
386
432
326
1220
1324
1180
2873
952
2876
1279
1603
1036
2669
1090
1201
2034
2923
2160
2919
883
2688
1303
319
1797
955
455
334
2277
2273
1164
355
1989
1190
2681
623
2
821
1378
2116
2739
1013
1761
2457
1765
1758
209
1004
2296
2330
2284
2690
1434
2588
1441
1223
1540
174
1396
1035
909
2105
2802
1168
45
1402
1388
1946
1
2932
496
2094
284
793
1048
1380
760
2041
2098
2125
1711
2791
1363
1255
698
1359
2906
494
1949
2261
704
156
2611
705
662
714
2624
1370
2200
2853
473
1085
231
1457
2862
2758
1875
533
636
1074
2971
2731
802
1058
17
2179
2370
1846
2767
2606
1713
2467
1068
672
98
1818
516
331
2315
713
2922
1145
861
736
798
1842
1708
2897
1566
999
1907
1860
304
1544
2083
907
789
1546
1447
1154
2383
853
1970
2709
2673
1595
223
2222
1077
349
2270
2940
482
676
350
2987
2015
165
910
585
468
572
604
1639
1816
2346
2097
347
116
2072
7
2990
647
1721
2547
2779
1536
1053
1177
210
312
2841
777
1630
1344
2178
2111
435
1491
1628
924
115
697
775
2361
2081
2184
150
1285
2889
292
2129
467
566
66
1114
515
1712
2795
878
782
1339
1706
1672
12
2167
2926
840
1321
1373
1250
1019
1900
1165
871
1242
643
2883
1645
1170
2616
1837
2213
1966
2965
2155
715
857
696
136
889
2535
728
470
105
2557
2641
1780
1264
987
573
2026
582
297
1416
937
184
571
2035
558
1205
397
46
313
417
2211
1909
1609
2170
40
32
1251
2577
381
2689
2818
1852
1290
718
529
418
1889
1933
2652
2157
984
812
846
1360
197
852
2372
528
972
1173
2359
1648
1611
375
2599
511
2677
1549
2524
1462
680
2986
1510
1666
2149
2022
2201
811
885
1916
2838
1086
1613
2256
1733
237
1763
2351
2747
289
735
1371
2903
166
2834
303
2562
2042
525
2479
59
2276
1174
1495
1509
261
2062
977
2425
1335
1614
189
2607
2269
2355
1420
1117
544
1136
2248
2594
431
306
2901
330
2860
106
352
1747
689
553
757
419
2671
1421
246
2935
1433
2305
1003
293
1021
154
795
155
2326
1869
239
1172
1947
2636
442
2007
2555
351
1467
1032
2925
1574
65
703
1408
1079
992
1680
1663
1369
2494
2628
130
361
1953
590
1384
913
2195
2956
1110
2280
1028
745
2989
378
2809
1813
2430
1256
2886
325
2299
2567
1424
1867
2827
1874
1794
707
2290
353
1784
2169
2745
1737
1104
805
610
1788
1479
2983
1529
729
2118
233
832
1967
2031
2061
808
2194
873
227
2266
55
601
1904
1403
2579
1957
1893
321
1945
1112
2788
2837
2286
338
1472
2790
42
1660
927
1720
1103
2854
2920
2267
674
693
552
2356
2612
1296
2325
1245
2244
53
2574
2197
545
691
18
800
4
159
1980
78
460
1317
648
1806
2451
221
1585
152
2691
160
1494
315
10
587
2439
498
501
2133
2740
1406
263
423
1006
2970
406
2527
2765
1111
822
2483
1330
450
1961
1084
2141
2310
723
1601
2401
2625
2647
507
2679
373
1665
190
2294
2038
957
982
1580
1082
804
546
624
932
502
141
681
1918
2778
803
407
143
37
816
2215
444
1801
2104
1231
1331
1141
273
970
645
1622
94
1322
242
2176
834
1037
1606
1407
2013
390
2353
2247
1327
58
2298
1746
182
2017
2011
374
2569
1502
2217
1458
764
2880
1845
2957
305
712
2513
1027
1415
1832
484
2095
1561
1629
1696
1769
1796
341
2055
2761
2858
1783
224
810
2450
2058
2163
2884
1101
2915
602
730
1243
1444
1969
1884
147
2344
35
1080
2152
1306
2258
1655
1643
2444
1861
2168
1315
640
1865
1276
203
114
589
945
1377
2063
2661
2972
2952
2331
402
67
2283
1313
2953
454
1650
2507
2490
644
2974
2323
2582
356
2909
1029
2008
1699
877
1727
1810
1578
701
761
232
1963
1571
1526
848
2538
1351
2892
1311
1779
1523
767
598
2900
1045
1095
2849
1958
2961
56
675
249
1039
1254
2300
2025
2895
928
1427
786
2049
934
774
1460
1188
613
1623
1610
2514
1183
2127
2888
1236
1304
420
24
2332
797
953
961
1891
2192
618
742
1787
1265
162
2549
1854
2103
1823
2503
991
2135
1305
2343
600
2937
451
320
1756
520
1674
1012
2982
1729
138
1379
2623
1750
1017
1185
1868
1930
429
1864
875
1115
2859
1604
629
2398
1782
765
1890
2519
2477
1714
2053
1301
1097
1521
867
411
790
778
2724
1525
1374
1518
2426
2150
2241
1941
1533
2039
472
1956
195
1483
2373
2020
127
1319
218
960
2985
69
2341
2832
1508
2431
2110
1514
1888
2021
1295
2504
1437
1624
1487
2205
279
2291
1975
1459
787
201
2405
835
2850
1229
2968
1178
1096
646
399
1960
2239
635
268
113
1938
2349
1732
277
2482
2766
2465
2685
1238
702
1694
649
1334
68
1263
2052
2741
19
2762
1537
2598
2823
2099
1212
2397
256
1872
1547
1240
2633
510
653
1493
157
1391
2441
2610
345
773
1515
1511
2710
1148
2112
2366
2403
1579
1496
1106
1724
2936
1293
49
1590
2603
851
2478
449
1107
2496
1189
169
2130
2078
1425
2515
868
1736
1489
2717
900
673
1646
376
721
458
1817
748
2581
1349
965
752
2282
1653
809
933
2553
1772
446
2891
1686
1431
818
1804
117
2822
2432
2096
1642
2683
692
84
2735
75
2065
2275
171
1833
260
1887
1910
476
2620
1962
1366
1450
1771
2632
1192
833
2171
682
2749
250
1512
1915
1047
1052
1259
1862
1451
1121
1167
1422
2395
2871
622
1078
441
841
1325
1693
2459
1709
2587
2775
862
2726
2721
163
2846
1113
93
2499
1241
196
2684
1087
1682
486
685
328
2249
365
2243
2586
870
1991
1221
2539
2516
1790
1061
1445
2064
1050
2126
946
459
2996
1442
1880
259
974
2829
2224
146
2542
2240
1879
2930
668
1704
398
1225
236
38
2981
2148
2495
2292
1438
709
1835
2428
2551
2885
866
2686
126
780
2123
2207
388
1498
2861
2921
1620
1767
1043
1527
1954
655
1060
942
2301
2528
746
872
1449
329
2595
2642
2793
603
1204
2378
2371
437
641
405
562
1098
560
2362
1725
1454
2128
2228
474
700
436
2219
2911
134
2619
1143
738
1615
2407
1789
1333
1819
1418
2368
2455
1490
617
2384
145
1654
48
291
2012
1267
2295
1631
2136
2337
1766
755
1524
41
1026
537
1005
906
1218
2705
1341
2826
2019
415
1873
959
2752
1745
1266
2929
14
1990
1057
1683
2572
1691
2458
1625
2085
2523
2435
1971
2032
716
125
1838
2591
2613
1722
336
594
2406
609
2639
2622
508
2566
2182
1668
569
1109
1955
2580
711
1870
1506
2618
2076
612
917
550
2225
207
2354
971
370
2188
1069
1466
1387
1247
2589
2073
1850
1803
986
1129
2755
2621
2232
2122
266
2386
2608
362
2045
555
686
1830
576
2912
1851
2274
2121
1707
1836
2908
2782
1928
2559
1605
2059
577
929
776
1194
994
1273
1976
2028
1142
2565
2468
766
1598
2236
2089
2185
332
1913
874
1404
1754
90
1597
1591
1815
2502
921
734
122
2943
845
1430
1689
2663
1323
2443
2453
248
86
342
2578
1968
608
1988
1936
2037
2848
96
2771
1134
389
2887
2245
1426
22
2835
631
1171
2175
1208
181
1703
488
1464
31
2143
989
1193
424
2336
457
2390
2448
1105
770
1839
253
1573
2536
1477
2394
2391
2563
2347
2427
1793
1522
759
2830
1049
422
144
452
2446
2340
1346
1034
1805
2916
1227
2543
2466
112
2801
2533
2476
2659
847
2254
669
2869
1343
2902
238
1814
2763
1589
2108
1198
1978
481
2517
1656
1297
2736
119
244
694
1516
2437
1644
1554
2692
1582
28
2592
1481
475
1951
439
523
139
1302
1355
2318
81
2250
2408
2781
2512
779
687
2033
2365
2942
492
1455
173
2824
606
2727
620
82
485
299
1634
1973
1740
2657
2955
200
2119
1681
2808
2703
2177
2003
2166
1358
2794
580
358
2374
2768
1584
2713
1871
295
2575
806
2980
2576
2797
2893
2203
747
2329
2815
988
1952
1944
2334
1144
2229
2737
1181
1161
428
1184
219
554
2960
1853
2487
1641
2844
2676
1210
983
2814
990
359
1497
2728
153
1678
1365
2230
1062
1389
559
1687
2317
727
726
801
549
2067
1633
401
2421
1398
2115
1596
2238
269
1219
1372
1083
100
2769
1906
2088
2573
743
252
2760
2214
2417
642
1940
854
1982
2120
2933
2817
2416
1500
2796
2204
1503
2302
208
1924
741
2665
1486
2872
1565
2927
1607
771
2376
1917
1667
1157
2493
2774
581
490
1979
2460
2584
44
1908
2867
1072
2497
2992
471
2668
2617
1548
1124
1901
799
1987
1040
2816
235
542
1898
2456
2196
1393
2743
1474
660
1475
211
2375
1439
267
1692
1399
1423
149
62
2784
2086
2252
414
826
2546
318
499
1948
2881
2380
1443
1395
1635
2158
275
128
2420
1125
2798
2934
1530
393
1619
